2 1
3 1
4 1
5 1
6 1
7 1
8 1
9 1
10 1
1 2
3 2
4 2
5 2
6 2
7 2
8 2
9 2
10 2
1 3
2 3
4 3
5 3
6 3
7 3
8 3
9 3
10 3
1 4
2 4
3 4
5 4
6 4
7 4
8 4
9 4
10 4
1 5
2 5
3 5
4 5
6 5
7 5
8 5
9 5
10 5
1 6
2 6
3 6
4 6
5 6
1 7
2 7
3 7
4 7
5 7
1 8
2 8
3 8
4 8
5 8
1 9
2 9
3 9
4 9
5 9
1 10
2 10
3 10
4 10
5 10
12 11
13 11
14 11
15 11
16 11
17 11
18 11
19 11
20 11
11 12
13 12
14 12
15 12
16 12
17 12
18 12
19 12
20 12
11 13
12 13
14 13
15 13
16 13
17 13
18 13
19 13
20 13
11 14
12 14
13 14
15 14
16 14
17 14
18 14
19 14
20 14
11 15
12 15
13 15
14 15
16 15
17 15
18 15
19 15
20 15
11 16
12 16
13 16
14 16
15 16
11 17
12 17
13 17
14 17
15 17
11 18
12 18
13 18
14 18
15 18
11 19
12 19
13 19
14 19
15 19
11 20
12 20
13 20
14 20
15 20
